3575.50744069
1923.96378111
1867.89627450
892.30663068
649.99339170
519.64152692
501.26470984
439.21608111
350.76689838
284.64539924
254.43206427
223.29619441
216.39839973
181.93940458
179.15014872
151.68274210
149.40220107
127.12756204
124.52735268
121.69867311
107.80763631
106.66675224
 93.36055522
 88.14404209
 83.40193030
 81.05565781
 77.91727168
 69.77694014
 64.79277074
 61.95874099
 60.57375638
 56.35622201
 54.59562040
 49.42779202
 48.70240105
 47.64196901
 44.20461266
 42.03915432
 41.32546460
 37.78588356
 37.29922502
 35.55206288
 35.09995159
 33.78608394
 31.42432500
 30.00820352
 28.92522599
 27.84180311
 27.05554756
 26.02161912
 25.22649810
 22.93804564
 22.03648475
 21.80117290
 19.62769852
 19.08480095
 18.30290244
 17.94134096
 17.39584566
 17.15679998
 15.96233814
 15.68566335
 15.24960731
 13.94207620
 13.63480494
 13.18012569
 12.25246805
 11.92771869
 11.10371902
 10.99132970
 10.86240659
 10.76703883
 10.00684096
  9.92023673
  9.48511176
  9.38792379
  8.79128108
  8.07917367
  8.02503205
  7.92305279
  7.44698767
  7.23538661
  6.82109457
  6.71353788
  6.51459217
  6.22924490
  6.01507861
  5.93284190
  5.62005803
  5.48582275
  5.30132132
  5.05832274
  4.91065877
  4.56491068
  4.47331862
  4.20623971
  4.15878621
  4.08831908
  3.96490702
  3.82282439
  3.66269070
  3.46760195
  3.36860297
  3.17684523
  3.11591329
  2.94360828
  2.72944236
  2.69058515
  2.63585377
  2.38981080
  2.31915426
  2.26997528
  2.17329777
  2.13165338
  2.03494024
  1.87016365
  1.84592652
  1.76363495
  1.72829229
  1.62585093
  1.50494121
  1.41406528
  1.33744896
  1.28160710
  1.18416097
  1.16948998
  1.07121782
  0.99731394
  0.96757158
  0.91748773
  0.89642427
  0.80142940
  0.67694624
 -0.00000000
