2990.26880482
1855.76908820
1792.50266469
789.88440872
681.04628995
507.18291601
447.48367423
391.09673024
359.43172632
310.21224656
268.81702670
259.95071940
226.87552711
195.86634803
183.17834040
167.42620348
156.44620506
147.83676739
128.27641533
122.36213806
112.24557163
106.41209871
100.51280265
 86.51752965
 83.68186157
 77.94531201
 74.55707546
 70.66943158
 68.59745733
 63.82507875
 62.98072233
 57.63504479
 52.11220652
 51.24205965
 47.04033961
 44.10567206
 43.58171056
 43.32228288
 39.02526837
 37.83838690
 36.44583821
 34.26779589
 33.06662731
 31.29768287
 31.10861384
 30.34079725
 28.97630406
 28.15632797
 26.65919145
 23.79825241
 22.46859560
 22.19576466
 21.48861183
 20.78717100
 19.94560772
 19.04822878
 17.76079518
 17.35486532
 17.00059945
 16.60081760
 15.35754441
 14.96188671
 14.40354736
 14.01050208
 13.54221784
 12.85872732
 12.13210219
 11.81234564
 11.37684860
 11.06236747
 10.31845548
 10.29040361
 10.03296958
  9.86281725
  9.32010687
  9.07043706
  8.68147046
  8.45074634
  8.10051355
  7.43951569
  7.37828779
  6.98161294
  6.78777746
  6.62101320
  6.51766298
  6.33123709
  6.00003226
  5.73366584
  5.66502192
  5.37443031
  5.27879675
  5.04271988
  4.85215335
  4.51453788
  4.49453732
  4.27797756
  4.04954866
  3.92304949
  3.86487874
  3.78798271
  3.63697890
  3.59069825
  3.37006810
  3.26446447
  2.97658461
  2.89867059
  2.75569873
  2.68475092
  2.59376739
  2.47100705
  2.43585060
  2.33280423
  2.07035798
  2.02936223
  1.91466313
  1.84371597
  1.77371668
  1.70566609
  1.67963136
  1.59662940
  1.52133310
  1.41127385
  1.34081908
  1.31904500
  1.17417764
  1.12898213
  1.07411253
  0.99051230
  0.95756393
  0.87262751
  0.73963111
  0.65038141
  0.54384646
  0.00000000
