3434.97309345
2177.68464251
1461.08080233
950.32355984
674.67910192
592.34951036
443.00216785
372.13492731
343.03979301
299.70647645
260.70287672
247.42671979
238.48641214
204.24872956
190.40924373
172.33296404
141.39889955
133.14152659
128.41998553
106.24098151
100.22248663
 91.69645107
 87.65338958
 83.63117174
 78.11869805
 75.54486983
 68.97627429
 65.37533941
 61.69713955
 57.70860077
 55.92473403
 51.44544749
 48.68890420
 45.91857424
 42.62430626
 41.07255088
 39.51337632
 37.77267199
 37.05547390
 35.96847429
 35.37615832
 33.07081986
 31.32969281
 30.13867899
 29.76338619
 26.75107910
 25.35521686
 25.14790687
 23.66482586
 23.13993186
 22.58605261
 21.29401084
 20.94445528
 19.61898384
 18.35280033
 17.70741228
 16.67725133
 16.40910678
 16.21520218
 15.46141393
 15.17147414
 14.70805228
 13.66705399
 13.31379274
 12.73681969
 12.67194144
 11.58298905
 11.48687340
 10.99937183
 10.63967095
 10.30354987
 10.17175432
  9.52565144
  9.20952355
  8.65599606
  8.38917087
  8.20982199
  7.89007334
  7.88398954
  7.38483767
  7.21142649
  7.04513441
  6.70330935
  6.49505345
  6.24272076
  6.05590656
  5.83973878
  5.69632663
  5.41904291
  5.19241941
  4.90116434
  4.75925125
  4.58759584
  4.46854410
  4.16932091
  4.05548096
  3.92057244
  3.69410837
  3.63286711
  3.44605946
  3.38694256
  3.28480208
  3.12439102
  2.92333846
  2.85549917
  2.78100570
  2.74816901
  2.67702437
  2.49982227
  2.45949176
  2.28514400
  2.25917994
  2.20565403
  1.99906480
  1.93702499
  1.84652341
  1.69422468
  1.60891723
  1.55518038
  1.47832432
  1.44158306
  1.36775198
  1.34859455
  1.28881208
  1.24148567
  1.09314323
  1.06289075
  0.99515235
  0.96511163
  0.86137947
  0.76713515
  0.71668487
  0.66588929
 -0.00000000
