% Optimum gamma as a function of the amount of information preserved by the
% features. These values are based on experiments with the 'small_16_20.mat' dataset.
%
% 1st column shows the energy (information preserved) and 2nd column shows
% the optimum gamma value as estimated using smooth-preserving curve fitting
% on the experiment data.

0.000	38.991
0.001	38.911
0.002	38.832
0.003	38.753
0.004	38.674
0.005	38.595
0.006	38.516
0.007	38.438
0.008	38.359
0.009	38.280
0.010	38.202
0.011	38.123
0.012	38.045
0.013	37.967
0.014	37.889
0.015	37.810
0.016	37.732
0.017	37.654
0.018	37.577
0.019	37.499
0.020	37.421
0.021	37.343
0.022	37.266
0.023	37.188
0.024	37.111
0.025	37.034
0.026	36.956
0.027	36.879
0.028	36.802
0.029	36.725
0.030	36.648
0.031	36.571
0.032	36.495
0.033	36.418
0.034	36.341
0.035	36.265
0.036	36.189
0.037	36.112
0.038	36.036
0.039	35.960
0.040	35.884
0.041	35.808
0.042	35.732
0.043	35.656
0.044	35.580
0.045	35.504
0.046	35.429
0.047	35.353
0.048	35.278
0.049	35.202
0.050	35.127
0.051	35.052
0.052	34.977
0.053	34.902
0.054	34.827
0.055	34.752
0.056	34.677
0.057	34.602
0.058	34.528
0.059	34.453
0.060	34.379
0.061	34.304
0.062	34.230
0.063	34.156
0.064	34.081
0.065	34.007
0.066	33.933
0.067	33.859
0.068	33.785
0.069	33.712
0.070	33.638
0.071	33.564
0.072	33.491
0.073	33.417
0.074	33.344
0.075	33.271
0.076	33.198
0.077	33.124
0.078	33.051
0.079	32.978
0.080	32.906
0.081	32.833
0.082	32.760
0.083	32.687
0.084	32.615
0.085	32.542
0.086	32.470
0.087	32.398
0.088	32.325
0.089	32.253
0.090	32.181
0.091	32.109
0.092	32.037
0.093	31.965
0.094	31.894
0.095	31.822
0.096	31.750
0.097	31.679
0.098	31.608
0.099	31.536
0.100	31.465
0.101	31.394
0.102	31.323
0.103	31.252
0.104	31.181
0.105	31.110
0.106	31.039
0.107	30.968
0.108	30.898
0.109	30.827
0.110	30.757
0.111	30.686
0.112	30.616
0.113	30.546
0.114	30.476
0.115	30.406
0.116	30.336
0.117	30.266
0.118	30.196
0.119	30.126
0.120	30.056
0.121	29.987
0.122	29.917
0.123	29.848
0.124	29.779
0.125	29.709
0.126	29.640
0.127	29.571
0.128	29.502
0.129	29.433
0.130	29.364
0.131	29.296
0.132	29.227
0.133	29.158
0.134	29.090
0.135	29.021
0.136	28.953
0.137	28.885
0.138	28.816
0.139	28.748
0.140	28.680
0.141	28.612
0.142	28.544
0.143	28.477
0.144	28.409
0.145	28.341
0.146	28.274
0.147	28.206
0.148	28.139
0.149	28.072
0.150	28.004
0.151	27.937
0.152	27.870
0.153	27.803
0.154	27.736
0.155	27.669
0.156	27.603
0.157	27.536
0.158	27.469
0.159	27.403
0.160	27.336
0.161	27.270
0.162	27.204
0.163	27.138
0.164	27.072
0.165	27.006
0.166	26.940
0.167	26.874
0.168	26.808
0.169	26.742
0.170	26.677
0.171	26.611
0.172	26.546
0.173	26.480
0.174	26.415
0.175	26.350
0.176	26.285
0.177	26.220
0.178	26.155
0.179	26.090
0.180	26.025
0.181	25.960
0.182	25.896
0.183	25.831
0.184	25.766
0.185	25.702
0.186	25.638
0.187	25.573
0.188	25.509
0.189	25.445
0.190	25.381
0.191	25.317
0.192	25.253
0.193	25.190
0.194	25.126
0.195	25.062
0.196	24.999
0.197	24.936
0.198	24.872
0.199	24.809
0.200	24.746
0.201	24.683
0.202	24.620
0.203	24.557
0.204	24.494
0.205	24.431
0.206	24.368
0.207	24.306
0.208	24.243
0.209	24.181
0.210	24.118
0.211	24.056
0.212	23.994
0.213	23.932
0.214	23.869
0.215	23.807
0.216	23.746
0.217	23.684
0.218	23.622
0.219	23.560
0.220	23.499
0.221	23.437
0.222	23.376
0.223	23.315
0.224	23.253
0.225	23.192
0.226	23.131
0.227	23.070
0.228	23.009
0.229	22.948
0.230	22.888
0.231	22.827
0.232	22.766
0.233	22.706
0.234	22.645
0.235	22.585
0.236	22.525
0.237	22.464
0.238	22.404
0.239	22.344
0.240	22.284
0.241	22.224
0.242	22.165
0.243	22.105
0.244	22.045
0.245	21.986
0.246	21.926
0.247	21.867
0.248	21.808
0.249	21.748
0.250	21.689
0.251	21.630
0.252	21.571
0.253	21.512
0.254	21.453
0.255	21.395
0.256	21.336
0.257	21.277
0.258	21.219
0.259	21.160
0.260	21.102
0.261	21.044
0.262	20.986
0.263	20.928
0.264	20.870
0.265	20.812
0.266	20.754
0.267	20.696
0.268	20.638
0.269	20.581
0.270	20.523
0.271	20.466
0.272	20.408
0.273	20.351
0.274	20.294
0.275	20.237
0.276	20.180
0.277	20.123
0.278	20.066
0.279	20.009
0.280	19.952
0.281	19.896
0.282	19.839
0.283	19.783
0.284	19.726
0.285	19.670
0.286	19.614
0.287	19.558
0.288	19.502
0.289	19.446
0.290	19.390
0.291	19.334
0.292	19.278
0.293	19.222
0.294	19.167
0.295	19.111
0.296	19.056
0.297	19.001
0.298	18.945
0.299	18.890
0.300	18.835
0.301	18.780
0.302	18.725
0.303	18.670
0.304	18.616
0.305	18.561
0.306	18.506
0.307	18.452
0.308	18.397
0.309	18.343
0.310	18.289
0.311	18.234
0.312	18.180
0.313	18.126
0.314	18.072
0.315	18.018
0.316	17.965
0.317	17.911
0.318	17.857
0.319	17.804
0.320	17.750
0.321	17.697
0.322	17.643
0.323	17.590
0.324	17.537
0.325	17.484
0.326	17.431
0.327	17.378
0.328	17.325
0.329	17.273
0.330	17.220
0.331	17.167
0.332	17.115
0.333	17.062
0.334	17.010
0.335	16.958
0.336	16.906
0.337	16.854
0.338	16.802
0.339	16.750
0.340	16.698
0.341	16.646
0.342	16.594
0.343	16.543
0.344	16.491
0.345	16.440
0.346	16.388
0.347	16.337
0.348	16.286
0.349	16.235
0.350	16.184
0.351	16.133
0.352	16.082
0.353	16.031
0.354	15.980
0.355	15.930
0.356	15.879
0.357	15.829
0.358	15.778
0.359	15.728
0.360	15.678
0.361	15.628
0.362	15.578
0.363	15.528
0.364	15.478
0.365	15.428
0.366	15.378
0.367	15.328
0.368	15.279
0.369	15.229
0.370	15.180
0.371	15.131
0.372	15.081
0.373	15.032
0.374	14.983
0.375	14.934
0.376	14.885
0.377	14.836
0.378	14.788
0.379	14.739
0.380	14.690
0.381	14.642
0.382	14.593
0.383	14.545
0.384	14.497
0.385	14.448
0.386	14.400
0.387	14.352
0.388	14.304
0.389	14.256
0.390	14.209
0.391	14.161
0.392	14.113
0.393	14.066
0.394	14.018
0.395	13.971
0.396	13.924
0.397	13.876
0.398	13.829
0.399	13.782
0.400	13.735
0.401	13.688
0.402	13.642
0.403	13.595
0.404	13.548
0.405	13.502
0.406	13.455
0.407	13.409
0.408	13.362
0.409	13.316
0.410	13.270
0.411	13.224
0.412	13.178
0.413	13.132
0.414	13.086
0.415	13.040
0.416	12.995
0.417	12.949
0.418	12.904
0.419	12.858
0.420	12.813
0.421	12.768
0.422	12.722
0.423	12.677
0.424	12.632
0.425	12.587
0.426	12.542
0.427	12.498
0.428	12.453
0.429	12.408
0.430	12.364
0.431	12.319
0.432	12.275
0.433	12.231
0.434	12.186
0.435	12.142
0.436	12.098
0.437	12.054
0.438	12.010
0.439	11.967
0.440	11.923
0.441	11.879
0.442	11.836
0.443	11.792
0.444	11.749
0.445	11.705
0.446	11.662
0.447	11.619
0.448	11.576
0.449	11.533
0.450	11.490
0.451	11.447
0.452	11.404
0.453	11.362
0.454	11.319
0.455	11.277
0.456	11.234
0.457	11.192
0.458	11.150
0.459	11.108
0.460	11.065
0.461	11.023
0.462	10.981
0.463	10.940
0.464	10.898
0.465	10.856
0.466	10.815
0.467	10.773
0.468	10.732
0.469	10.690
0.470	10.649
0.471	10.608
0.472	10.567
0.473	10.526
0.474	10.485
0.475	10.444
0.476	10.403
0.477	10.362
0.478	10.322
0.479	10.281
0.480	10.241
0.481	10.200
0.482	10.160
0.483	10.120
0.484	10.080
0.485	10.039
0.486	9.999
0.487	9.960
0.488	9.920
0.489	9.880
0.490	9.840
0.491	9.801
0.492	9.761
0.493	9.722
0.494	9.683
0.495	9.643
0.496	9.604
0.497	9.565
0.498	9.526
0.499	9.487
0.500	9.448
0.501	9.410
0.502	9.371
0.503	9.332
0.504	9.294
0.505	9.255
0.506	9.217
0.507	9.179
0.508	9.141
0.509	9.102
0.510	9.064
0.511	9.026
0.512	8.989
0.513	8.951
0.514	8.913
0.515	8.876
0.516	8.838
0.517	8.801
0.518	8.763
0.519	8.726
0.520	8.689
0.521	8.652
0.522	8.615
0.523	8.578
0.524	8.541
0.525	8.504
0.526	8.467
0.527	8.431
0.528	8.394
0.529	8.357
0.530	8.321
0.531	8.285
0.532	8.249
0.533	8.212
0.534	8.176
0.535	8.140
0.536	8.104
0.537	8.069
0.538	8.033
0.539	7.997
0.540	7.962
0.541	7.926
0.542	7.891
0.543	7.855
0.544	7.820
0.545	7.785
0.546	7.750
0.547	7.715
0.548	7.680
0.549	7.645
0.550	7.610
0.551	7.576
0.552	7.541
0.553	7.507
0.554	7.472
0.555	7.438
0.556	7.404
0.557	7.369
0.558	7.335
0.559	7.301
0.560	7.267
0.561	7.233
0.562	7.200
0.563	7.166
0.564	7.132
0.565	7.099
0.566	7.065
0.567	7.032
0.568	6.999
0.569	6.965
0.570	6.932
0.571	6.899
0.572	6.866
0.573	6.833
0.574	6.801
0.575	6.768
0.576	6.735
0.577	6.703
0.578	6.670
0.579	6.638
0.580	6.606
0.581	6.573
0.582	6.541
0.583	6.509
0.584	6.477
0.585	6.445
0.586	6.413
0.587	6.382
0.588	6.350
0.589	6.318
0.590	6.287
0.591	6.255
0.592	6.224
0.593	6.193
0.594	6.162
0.595	6.131
0.596	6.100
0.597	6.069
0.598	6.038
0.599	6.007
0.600	5.976
0.601	5.946
0.602	5.915
0.603	5.885
0.604	5.855
0.605	5.824
0.606	5.794
0.607	5.764
0.608	5.734
0.609	5.704
0.610	5.674
0.611	5.644
0.612	5.615
0.613	5.585
0.614	5.556
0.615	5.526
0.616	5.497
0.617	5.467
0.618	5.438
0.619	5.409
0.620	5.380
0.621	5.351
0.622	5.322
0.623	5.293
0.624	5.265
0.625	5.236
0.626	5.208
0.627	5.179
0.628	5.151
0.629	5.122
0.630	5.094
0.631	5.066
0.632	5.038
0.633	5.010
0.634	4.982
0.635	4.954
0.636	4.926
0.637	4.899
0.638	4.871
0.639	4.844
0.640	4.816
0.641	4.789
0.642	4.762
0.643	4.735
0.644	4.708
0.645	4.681
0.646	4.654
0.647	4.627
0.648	4.600
0.649	4.573
0.650	4.547
0.651	4.520
0.652	4.494
0.653	4.468
0.654	4.441
0.655	4.415
0.656	4.389
0.657	4.363
0.658	4.337
0.659	4.311
0.660	4.285
0.661	4.260
0.662	4.234
0.663	4.209
0.664	4.183
0.665	4.158
0.666	4.133
0.667	4.107
0.668	4.082
0.669	4.057
0.670	4.032
0.671	4.007
0.672	3.983
0.673	3.958
0.674	3.933
0.675	3.909
0.676	3.884
0.677	3.860
0.678	3.836
0.679	3.811
0.680	3.787
0.681	3.763
0.682	3.739
0.683	3.715
0.684	3.691
0.685	3.668
0.686	3.644
0.687	3.621
0.688	3.597
0.689	3.574
0.690	3.550
0.691	3.527
0.692	3.504
0.693	3.481
0.694	3.458
0.695	3.435
0.696	3.412
0.697	3.389
0.698	3.367
0.699	3.344
0.700	3.322
0.701	3.299
0.702	3.277
0.703	3.255
0.704	3.233
0.705	3.210
0.706	3.188
0.707	3.167
0.708	3.145
0.709	3.123
0.710	3.101
0.711	3.080
0.712	3.058
0.713	3.037
0.714	3.015
0.715	2.994
0.716	2.973
0.717	2.952
0.718	2.931
0.719	2.910
0.720	2.889
0.721	2.868
0.722	2.848
0.723	2.827
0.724	2.806
0.725	2.786
0.726	2.766
0.727	2.745
0.728	2.725
0.729	2.705
0.730	2.684
0.731	2.663
0.732	2.642
0.733	2.621
0.734	2.599
0.735	2.577
0.736	2.555
0.737	2.533
0.738	2.511
0.739	2.489
0.740	2.466
0.741	2.443
0.742	2.421
0.743	2.398
0.744	2.375
0.745	2.352
0.746	2.329
0.747	2.306
0.748	2.283
0.749	2.260
0.750	2.237
0.751	2.214
0.752	2.191
0.753	2.169
0.754	2.146
0.755	2.123
0.756	2.101
0.757	2.078
0.758	2.056
0.759	2.034
0.760	2.012
0.761	1.990
0.762	1.969
0.763	1.947
0.764	1.926
0.765	1.905
0.766	1.885
0.767	1.864
0.768	1.844
0.769	1.824
0.770	1.805
0.771	1.786
0.772	1.767
0.773	1.748
0.774	1.730
0.775	1.712
0.776	1.695
0.777	1.678
0.778	1.662
0.779	1.646
0.780	1.630
0.781	1.615
0.782	1.600
0.783	1.586
0.784	1.573
0.785	1.559
0.786	1.547
0.787	1.535
0.788	1.523
0.789	1.513
0.790	1.502
0.791	1.493
0.792	1.484
0.793	1.475
0.794	1.468
0.795	1.461
0.796	1.454
0.797	1.449
0.798	1.444
0.799	1.440
0.800	1.436
0.801	1.433
0.802	1.431
0.803	1.430
0.804	1.430
0.805	1.433
0.806	1.441
0.807	1.453
0.808	1.470
0.809	1.491
0.810	1.516
0.811	1.544
0.812	1.577
0.813	1.612
0.814	1.651
0.815	1.692
0.816	1.737
0.817	1.783
0.818	1.832
0.819	1.883
0.820	1.936
0.821	1.991
0.822	2.047
0.823	2.104
0.824	2.162
0.825	2.221
0.826	2.280
0.827	2.340
0.828	2.400
0.829	2.460
0.830	2.520
0.831	2.579
0.832	2.637
0.833	2.695
0.834	2.751
0.835	2.806
0.836	2.860
0.837	2.911
0.838	2.961
0.839	3.008
0.840	3.053
0.841	3.096
0.842	3.136
0.843	3.172
0.844	3.205
0.845	3.235
0.846	3.261
0.847	3.284
0.848	3.302
0.849	3.316
0.850	3.325
0.851	3.330
0.852	3.329
0.853	3.321
0.854	3.306
0.855	3.285
0.856	3.258
0.857	3.226
0.858	3.188
0.859	3.145
0.860	3.098
0.861	3.047
0.862	2.993
0.863	2.936
0.864	2.875
0.865	2.813
0.866	2.749
0.867	2.683
0.868	2.616
0.869	2.549
0.870	2.481
0.871	2.413
0.872	2.347
0.873	2.281
0.874	2.216
0.875	2.154
0.876	2.093
0.877	2.036
0.878	1.981
0.879	1.930
0.880	1.883
0.881	1.840
0.882	1.801
0.883	1.768
0.884	1.741
0.885	1.715
0.886	1.692
0.887	1.670
0.888	1.649
0.889	1.629
0.890	1.610
0.891	1.593
0.892	1.576
0.893	1.559
0.894	1.543
0.895	1.527
0.896	1.512
0.897	1.496
0.898	1.481
0.899	1.465
0.900	1.449
0.901	1.432
0.902	1.414
0.903	1.395
0.904	1.376
0.905	1.355
0.906	1.333
0.907	1.310
0.908	1.284
0.909	1.254
0.910	1.218
0.911	1.179
0.912	1.136
0.913	1.091
0.914	1.045
0.915	0.998
0.916	0.952
0.917	0.906
0.918	0.863
0.919	0.822
0.920	0.785
0.921	0.752
0.922	0.724
0.923	0.703
0.924	0.688
0.925	0.681
0.926	0.680
0.927	0.682
0.928	0.685
0.929	0.688
0.930	0.693
0.931	0.698
0.932	0.703
0.933	0.708
0.934	0.714
0.935	0.719
0.936	0.723
0.937	0.726
0.938	0.729
0.939	0.730
0.940	0.725
0.941	0.698
0.942	0.654
0.943	0.596
0.944	0.527
0.945	0.454
0.946	0.378
0.947	0.306
0.948	0.240
0.949	0.186
0.950	0.147
0.951	0.126
0.952	0.112
0.953	0.099
0.954	0.087
0.955	0.076
0.956	0.067
0.957	0.060
0.958	0.054
0.959	0.051
0.960	0.050
0.961	0.052
0.962	0.056
0.963	0.062
0.964	0.070
0.965	0.079
0.966	0.088
0.967	0.098
0.968	0.109
0.969	0.125
0.970	0.143
0.971	0.160
0.972	0.173
0.973	0.180
0.974	0.173
0.975	0.150
0.976	0.120
0.977	0.093
0.978	0.080
0.979	0.086
0.980	0.102
0.981	0.120
0.982	0.130
0.983	0.118
0.984	0.085
0.985	0.056
0.986	0.050
0.987	0.050
0.988	0.050
0.989	0.067
0.99	0.127
0.991	0.145
0.992	0.079
0.993	0.053
0.994	0.077
0.995	0.065
0.996	0.050
0.997	0.050
0.998	0.050
0.999	0.126
1.000	0.050
