36965.16027821
24830.80869844
18431.11722754
10286.72806154
7820.77952999
7264.49611442
6522.04401542
5938.65641846
4301.29634497
3904.75005557
3597.10478571
3326.48380348
3045.15608181
2878.62764060
2655.94958200
2526.30491958
2332.64085356
2178.90745537
1953.32932132
1938.26336980
1886.54945820
1772.19005326
1756.53187523
1625.66179310
1529.52753442
1453.75799041
1351.76911712
1325.34611061
1290.63729044
1230.37410191
1205.33973305
1139.64680695
1116.09184300
1089.69018266
1034.62277185
989.63008953
939.42624452
930.80463162
914.56661465
873.80384322
864.87135845
849.02162037
815.64565929
791.79075367
778.65754268
758.34726969
745.05783815
717.77162306
683.33338554
670.77228205
638.35653655
637.87620652
614.04745154
591.35574082
578.32282088
553.56403932
551.65093099
530.18231649
527.68247223
511.49429746
504.18349053
496.22019975
485.53626975
456.14285377
453.84033842
437.07087691
435.58628972
430.44791647
409.67133961
397.65086061
394.25366464
380.25991401
372.80083203
365.83495256
360.75088015
352.58634334
351.26791597
339.52816769
332.13885884
325.49511456
324.74046449
322.70135036
306.69163328
294.69922523
291.89030248
290.34471006
281.28059023
276.19251274
272.47575075
266.96147341
256.70735371
252.32958243
247.13078964
242.63428297
239.62489039
230.77708054
229.35182465
222.66410230
215.20806571
212.95025629
206.88898486
202.52481047
197.26508359
193.37115136
189.68822011
184.43585930
178.61965096
177.02151540
172.38076159
168.65685023
165.48773453
161.36555044
156.80946207
155.17611579
150.33683325
146.61122492
142.09771251
138.07574395
134.93693786
134.28106034
130.71374380
125.72884227
124.04788778
122.45213340
115.44836989
111.89435699
107.05110902
104.55002295
102.42099183
 96.37951702
 93.44874686
 88.15448920
 82.11443245
  0.00000000
