34030.36825056
21852.03807290
18633.49049847
9294.26621277
7806.47585331
7315.58698032
5520.57171457
5065.12156047
4694.34992187
4206.43694260
4116.73794000
3712.26981782
3297.97614958
2956.23983677
2829.70547329
2765.34686203
2396.26401463
2245.38046572
2046.06301604
1902.92394747
1851.67290433
1771.27099371
1708.09422074
1619.78430090
1535.08792487
1458.75661092
1424.72857247
1354.31621439
1312.94436929
1227.92581017
1187.95571401
1135.25859049
1129.16550050
1074.24631509
1040.92446185
973.91316038
935.57340136
911.30774830
879.74591325
861.04307290
817.76340532
812.14882323
805.78752488
786.82110480
731.66979109
716.68736208
711.09124341
690.53560005
660.55166110
647.63912357
638.70076413
627.69721996
620.30552432
612.36041524
583.12144179
550.67412590
534.75388248
527.54966707
510.20411686
495.73705168
489.35561589
473.45995397
470.23541346
458.59282852
457.30485618
444.91494259
439.84164783
434.47381001
421.68984194
405.56267665
396.96500919
384.37151136
377.77905968
369.51921596
358.89565776
351.81029560
346.17475832
331.49780203
328.84525147
322.24121823
320.00190267
311.43180786
307.70330943
302.23994714
294.65780060
288.44828657
284.02948628
279.56419869
274.79893598
261.67672208
254.04741653
248.95536209
246.97443130
240.31745357
233.74967067
231.67745960
220.96905387
216.66157298
210.28137545
203.03594047
202.70925831
199.39022831
197.50347246
193.04679614
191.57253089
180.91966284
176.40652386
170.79381613
169.94140314
167.19747940
161.75124021
158.83099892
154.85420572
150.06416460
146.06649693
144.11974116
141.67826162
136.23184316
132.95873217
129.34635892
123.71504724
121.77524452
120.64221298
116.42151247
113.77988973
107.07574758
105.97943421
103.27806738
 96.15762724
 90.47865716
 88.17052293
 85.52412428
 79.09442390
 -0.00000000
