37019.76047834
26312.87221772
15104.53827031
11423.16398183
8396.10300369
7678.21774231
5913.99716146
5171.36875763
4874.47189632
4010.41741192
3913.75519191
3562.30550851
3333.85931803
2939.28939357
2716.12884786
2630.48492346
2428.48620982
2107.83311039
2072.21910574
1999.85737452
1813.58185010
1678.66420478
1586.81403252
1531.97436423
1416.02027423
1390.45835308
1359.45430208
1329.30114918
1234.89882147
1153.33425967
1118.60685090
1059.33923584
1025.70532476
1003.82849171
952.05345858
945.02865112
911.77926216
883.66760225
852.99119390
846.30136361
810.47126203
792.63970295
768.70796714
748.57141175
721.98882702
699.06511937
679.90017535
667.08555601
642.87679559
636.44764264
607.75065207
596.91280209
590.49143030
579.32184922
548.99129368
543.55411359
524.96415987
499.46454008
492.86580242
473.92334200
470.84290523
461.78394819
453.61317939
445.62338872
431.27084486
423.13134577
412.51498610
404.29091079
395.74757696
386.88859570
380.57716634
375.63673139
363.93779307
361.12904710
348.62239590
345.57021307
337.21509141
329.78310093
317.56215231
313.31360058
303.03007074
292.61883610
290.82034241
282.44875007
280.76121220
272.22017981
262.22493838
261.18415545
253.95054647
249.92927199
242.14366219
238.97787792
235.15667264
231.88069087
224.92132428
224.18270270
219.32580091
215.09519784
210.89439341
204.29045854
199.85900803
197.34517261
191.85923309
184.21917321
183.11716641
180.46335806
173.65592936
170.91849761
167.41229886
164.17381030
160.44351908
156.14048535
152.47995081
150.28163412
146.04906174
139.34801853
137.10411103
135.47505411
133.97239559
124.96184479
123.02662296
119.66840597
117.04601341
115.75767525
114.44495135
109.57313360
106.40835315
104.58569043
 99.31792767
 98.19558426
 92.56631433
 86.80772132
 81.10782608
 -0.00000000
