1204 2
1038.47 -38.7446
1477.45 26.2808
-871.419 113.047
-2120.49 -727.411
-1091.96 244.513
42.6744 359.872
-933.221 778.992
-442.795 -471.298
2179.95 -301.66
1803.17 -304.216
411.039 144.221
2169.57 -227.001
690.523 -20.482
283.539 2.72259
1479.75 599.224
-176.068 -22.2914
1523.55 -372.513
2232.36 -329.806
2346.95 -241.168
1212.03 -482.169
2265.72 -22.5482
1135.29 -267.944
1873.18 -565.277
2438.09 -81.3688
1230.11 -395.514
-364.398 102.652
337.285 832.066
319.133 -667.971
3014.22 -298.007
1411.07 -337.733
966.613 123.945
1234.91 419.926
1480.21 28.5764
165.66 259.844
405.74 917.547
2562.93 -139.868
1527.9 -322.676
2660.12 -331.165
828.539 205.284
-1401.91 882.726
-1196.99 404.604
4207.8 -462.362
486.139 295.398
-339.484 1131.62
-1482.62 -131.794
327.434 -79.1566
-328.508 127.236
-1007.89 221.413
-589.881 -470.292
-349.275 -546.371
770.878 -55.2864
1649.87 -255.555
4481.68 -750.004
2991.37 -170.128
3947.12 -547.619
2101.12 162.099
2646.29 -380.145
4026.75 -611.986
1855.08 -122.827
2479.11 -526.545
-984.49 264.136
2750.57 -311.985
4453.5 -323.522
2873.67 -446.869
2293.28 143.191
267.913 1217.88
-1344.94 145.971
-611.107 339.089
-929.577 514.585
-264.552 447.41
-211.075 721.875
-1022.53 214.546
-1106.28 284.257
-1660.13 153.192
-454.542 314.744
-497.563 492.133
-1166.63 -238.635
195.939 225.377
-808.466 206.728
-383.45 251.373
880.217 -319.283
-367.032 377.994
-2183.04 -496.697
-1676.57 -369.215
782.323 -168.544
431.008 55.0605
246.417 322.406
209.851 172.372
-134.687 -205.258
425.893 -228.416
704.074 -83.5757
173.828 761.851
-242.575 713.891
-293.438 -262.84
-142.204 621.181
-603.395 238.578
-632.601 65.5144
-481.555 -38.3324
-1250.31 -1141.18
-1227.65 -193.85
-2431.71 306.926
-309.38 441.299
-680.978 -81.2052
120.229 197.392
603.566 -433.158
-874.808 214.749
-1870.81 301.755
-1816.92 298.725
-651.687 367.345
-1259.76 285.311
-729.173 397.569
-143.118 1171.32
-408.754 370.841
1057.5 321.383
-108.783 676.995
1513.92 893.062
1428.85 792.027
470.844 160.694
-584.181 384.381
1211.71 452.183
1092.27 -152.626
495.026 679.525
-1216.52 173.067
-7.78923 354.097
52.1607 -755.833
254.793 -234.638
1321.23 734.388
-74.5806 -210.518
25.0283 92.5825
398.672 209.026
-228.266 386.679
-330.21 -28.8399
-296.345 393.886
472.906 616.967
226.403 87.2449
1029.36 23.2997
-1467.23 49.3513
975.763 61.6912
-1262.63 346.551
-395.346 114.819
79.7025 650.049
-534.771 -32.0095
-2.30413 342.784
269.232 -476.598
668.74 837.25
-201.894 328.712
-1665.35 604.073
-612.902 -22.3079
-2183.83 336.277
-88.245 -137.721
-713.574 355.81
-443.72 404.092
-548.647 1057.92
-537.602 -223.223
-824.534 146.521
-496.027 -413.407
-398.752 678.481
-637.285 -1213.68
-783.858 809.01
-939.283 820.338
-975.224 355.899
-143.311 989.456
-1233.64 517.325
-990.597 213.133
-891.554 -111.947
-254.838 157.217
-588.514 -390.115
540.462 283.396
-756.613 108.837
883.335 95.3743
1139 6.96935
922.13 158.576
508.333 560.577
1258.32 166.995
-1218.25 -328.05
-312.659 337.292
-531.929 217.393
-1026.25 409.447
-356.554 421.416
-179.761 638.618
-26.4994 598.683
-1247.13 -49.8693
-874.912 257.906
-790.715 -50.0108
20.6305 152.22
-348.817 248.695
-1131.93 371.694
652.208 250.664
-493.469 947.235
-1255.77 -561.535
754.458 -171.392
85.3784 -817.581
731.952 -153.189
-1811.17 -65.6639
-1207.62 -124.652
351.167 -212.663
408.355 -431.02
-1314.97 72.962
-1641.82 -1159.23
-1713.12 -37.4409
-1623.48 -668.811
-62.9176 -1165.19
311.809 -317.327
772.697 89.9694
256.35 -160.574
-572.593 -10.8449
-593.305 -294.052
-122.379 1256.89
41.8323 1309
-1057.66 -424.409
-1213.43 -220.803
-767.495 -17.3721
-991.508 -120.736
-989.652 -165.668
232.934 -329.052
-662.265 -106.636
-1046.44 -15.3813
-95.837 -21.915
-573.771 -394.229
-729.607 -294.352
267.757 -1039.06
-168.822 -303.052
-547.425 -513.54
-604.226 -373.746
-1604.19 -573.938
-714.15 188.324
-742.183 151.232
-759.362 -313.947
-318.876 -462.894
778.219 -198.353
-1254.59 -537.378
-1193.33 -681.772
-465.332 -294.69
-387.402 -273.193
-2275.07 307.834
-806.503 -130.879
-261.861 55.6634
-573.032 -868.805
100.999 -263.903
-1357.24 -1425.57
1156.3 -100.737
-589.716 -149.959
886.513 -105.856
176.423 -352.616
-279.015 -171.087
111.191 334.238
813.766 -110.955
-857.36 76.6742
394.66 274.356
83.5103 -409.476
-216.394 311.186
-381.877 261.765
-1830.53 -67.8981
-617.238 139.543
-1368.44 -1235.98
-908.869 -215.024
-999.902 -220.227
-1322.17 -520.664
-1079.63 -26.9197
-154.425 -165.331
-111.038 -0.157698
-293.693 83.3812
-778.216 264.075
-1796.38 55.5695
-1892.05 155.636
-1602.04 21.3358
-1830.2 -369.726
-397.66 -90.7774
-2164.24 33.2556
-1803.75 138.148
-1495.46 -763.59
-1339.32 -316.276
-1194.91 -494.362
-816.418 -327.303
-351.009 89.7152
-954.392 -207.266
-164.659 -574.779
-1218.7 -76.0266
-409.658 -125.402
-958.604 -95.1343
-886.589 -78.844
-466.548 -145.763
-528.672 -63.042
-2044.06 -1193.59
-1630.93 -1211.7
174.384 117.487
-600.84 -361.086
-220.448 104.057
-1329.14 -585.803
-1219.41 -169.323
220.409 -232.512
-974.025 -405.898
-325.767 83.7743
-381.8 -73.8308
832.864 425.497
708.71 246.543
-563.522 -82.29
209.56 212.7
-605.899 -296.606
-3084.91 192.478
-1131.08 -883.049
-1781.49 -614.889
-1149.55 -160.574
-1079.11 24.7537
-1153.28 28.221
-918.397 -426.212
226.451 -291.177
634.416 -90.2933
-685.664 18.0602
-2163.26 68.0305
-795.248 -569.166
195.373 -325.384
-1512.01 -742.926
-2185.76 -733.24
-284.172 433.336
-1976.78 176.327
-1679.27 -194.946
-47.7422 186.302
-1642.13 -821.531
-2785.72 -292.15
410.916 -50.9079
324.375 -463.265
403.808 537.145
-961.838 17.6258
-1530.12 -804.66
-79.3456 -527.744
-701.911 -9.54178
-1761.83 -578.436
-727.783 263.081
-1435.2 119.432
-2074.04 359.439
-1610.51 -268.175
545.875 -238.147
20.8143 -8.1318
197.262 -262.992
-355.888 -10.3633
-474.394 228.683
387.152 8.068
-880.356 -1541.38
-635.492 -1522.13
312.498 48.923
-512.259 -14.4618
928.497 30.7647
-785.462 136.657
1242.76 -315.768
-1179.55 -153.563
-90.9308 -444.836
631.535 41.6464
-1972.25 143.347
-930.985 19.3107
-25.0296 196.997
-1768.05 55.392
271.79 78.9968
479.944 164.631
138.955 -33.202
-589.267 -63.6028
-223.812 88.1531
517.101 -31.2984
-926.932 -137.347
-1333.33 34.8411
-433.39 -207.925
-604.118 -149.829
-1193.59 -200.898
-976.956 6.46839
-1282.73 -449.404
612.215 160.038
-175.64 166.314
-1374.07 -1043.28
3.61364 70.8422
612.429 -356.84
-1451.99 420.185
-2030.29 122.064
-2413.33 102.42
-1570.51 260.466
-1933.55 291.523
-2105.28 124.595
106.229 -189.882
-3213.59 -320.316
-2781.5 -1079.2
-392.734 -72.994
673.524 -45.5348
323.697 -160.9
-368.165 -105.97
-1043.26 249.495
-809.722 -72.531
-1844.32 458.191
-2636.86 15.5256
-1222.82 -54.3257
-1264.26 44.2204
-1168.55 -125.667
-1877.89 -305.726
-1810.02 18.3567
-1649.35 -39.8327
-304.2 336.923
-1588.76 104.484
-722.355 -49.9486
-1797.5 289.716
-1367.28 -13.0053
-1158.96 47.4715
-1414.66 390.957
-2074.54 -625.576
-156.046 16.8855
-1366.62 308.343
-2338.96 -546.223
-1753.02 286.185
-173.235 64.9841
-1859.05 -69.7877
-1000.61 435.529
-805.773 364.639
-2578.13 -79.5264
-1149.2 206.428
-1735.08 289.408
-1574.79 -470.674
-2182.78 -399.666
-1287.79 -191.2
-1087.15 -117.226
-522.153 -23.2451
182.12 -217.467
971.494 -47.4585
-509.816 -682.13
-550.187 31.7356
836.835 -426.406
-106.945 448.046
-855.922 -547.198
236.971 -573.127
1255.79 -315.476
319.382 116.864
-470.592 -466.285
457.405 -839.735
1209.28 -422.877
720.155 77.4374
-153.495 -157.34
-396.431 -6.74034
-125.644 18.5005
131.604 -200.206
731.658 -384.206
1245.34 -550.092
318.491 -552.842
960.159 -648.151
670.57 -370.813
872.433 -293.375
1033.17 -301.383
1044.14 106.312
648.485 -537.711
1020.36 -447.255
676.284 -192.099
1638.25 -282.586
1026.55 -345.378
1127.14 90.4524
1060.12 86.2709
510.856 318.541
292.35 -213.697
265.982 121.183
415.332 -107.861
265.952 90.6576
328.681 -172.514
608.434 -92.0951
1300.13 90.6623
-195.624 187.678
-61.3863 229.802
559.894 93.0375
690.023 -349.273
1043.04 -71.1062
833.471 91.506
14.6154 -78.4495
51.81 12.1457
584.611 -177.624
308.579 162.596
374.343 -69.5764
1143.48 110.68
-1304.12 -83.0954
-536.836 -28.0933
-611.686 -55.7389
1188.5 -499.805
1003.6 -423.365
1056.17 16.7124
1022.52 -93.9754
508.227 -307.148
513.808 -260.07
603.164 -619.432
693.754 -881.783
454.686 -197.573
544.908 -142.113
103.887 -36.2981
1473.57 -444.772
1203.82 -538.472
569.754 435.139
741.241 591.897
1136.42 -508.951
1407.72 -295.857
266.781 56.4687
699.457 107.909
1090.87 -141.587
70.8284 -239.363
320.462 -281.951
30.8584 -435.967
67.7109 -635.598
448.001 -334.529
1051.94 -314.57
14.3479 -455.55
513.848 -268.343
89.5909 -344.32
100.244 -241.77
888.297 -455.507
198.6 -123.52
718.543 -336.971
-233.986 232.848
89.9671 60.5548
74.0152 -132.798
480.396 -199.442
591.461 -261.301
1360.89 -240.032
362.116 120.466
567.584 226.101
421.869 -269.677
929.735 -270.97
48.6251 -490.543
700.74 -487.878
989.892 -225.306
-36.073 -394.547
1072.24 -368.141
-327.868 -93.4513
249.217 61.6769
782.227 -242.906
462.912 -308.434
562.03 -292.683
688.947 -447.618
-1215.72 78.6726
507.923 0.526113
-976.068 -1091.85
-463.162 -1085.37
200.002 18.6259
442.627 -714.213
918.85 -460.831
-1027.29 48.7624
-715.929 107.457
401.677 19.0379
556.934 -203.749
895.534 -213.711
156.415 -170.103
212.772 -58.0278
562.972 -253.162
644.74 153.062
920.97 -590.726
974.72 94.0729
-322.421 -71.0943
88.2874 -78.8716
-439.205 -213.461
-892.863 108.265
15.4074 -256.559
-199.985 -40.713
1109.22 -355.578
1112.95 -502.815
-614.154 46.0452
434.243 -373.905
64.5916 -196.469
225.754 -124.615
-894.333 -273.957
-406.081 -130.101
29.4089 -465.664
455.442 -120.981
418.153 -212.845
-113.849 -414.628
-49.1298 284.044
963.446 349.211
-523.407 -118.245
-444.783 -274.523
-20.9727 -273.681
243.009 -248.19
0.58059 -147.587
249.098 -125.784
152.776 -648.367
298.307 -274.997
-181.033 -980.975
600.667 -215.466
-358.373 -264.418
980.567 -164.852
1030.95 -291.701
-411.393 -232.212
599.279 -635.919
-1074.86 -722.814
1514.95 0.899366
1568.58 -524.552
668.158 -196.936
798.876 -117.538
234.847 340.143
-304.588 166.852
210.097 431.179
573.713 555.262
-203.535 739.388
-90.782 1031.34
677.137 241.935
764.392 -7.00213
438.508 166.679
159.064 75.2741
-697.378 484.856
412.486 833.269
144.264 771.699
-753.286 -15.3348
-939.183 237.661
29.6421 566.547
-1180.16 233.484
-1104.71 261.535
516.949 684.703
-103.988 64.2949
-498.613 646.623
51.4544 490.992
-305.293 288.848
-258.819 191.118
203.572 392.62
-233.757 476.553
-1608.32 -324.396
-537.119 431.944
-1001.78 277.713
-728.95 293.274
-535.539 291.167
177.382 205.297
-881.376 418.416
-2145.11 416.494
-1323.56 191.899
54.316 855.284
-1121.09 -98.5051
-1521.51 194.128
258.621 -106.251
-75.885 708.365
-383.996 214.518
-180.185 213.904
-144.36 332.815
-655.285 453.981
-1481.82 370.295
141.163 485.958
-398.527 288.899
753.646 4.34918
-847.289 237.871
-857.809 10.008
822.262 -198.207
-1318.19 236.674
-1396.45 188.207
500.416 466.055
-100.157 551.607
520.741 260.677
-197.809 257.06
872.542 -150.602
-999.75 161.571
-124.579 207.959
-506.002 -642.133
-1136.6 202.446
-1990.97 389.651
-647.187 272.449
-1130.49 431.612
-1176.27 517.853
-174.901 374.808
-124.841 425.71
-967.008 391.047
121.01 852.956
-634.354 -183.403
532.006 1076.87
-491.59 236.977
105.935 401.228
-669.143 184.052
-1141.96 328.158
-1636.23 359.277
137.042 153.784
-679.371 39.5244
-837.202 204.066
-1442.14 198.95
-1503.98 -17.6303
-1276.44 -41.525
-1594.31 -17.9943
-526.119 563.377
-386.491 465.986
-1488.06 362.938
-261.274 254.888
-725.134 278.699
212.361 -62.3896
-628.339 477.658
-2435.42 252.911
-638.027 165.222
-228.359 173.326
-58.192 193.302
-499.352 388.052
-112.458 101.271
-1714.25 -54.7685
-434.972 232.925
399.169 216.676
1118.04 402.154
1336.25 101.641
-642.484 -25.3458
-823.403 149.192
-1058.55 -461.731
238.647 312.414
-583.261 681.596
143.061 -10.3831
-663.805 596.697
-411.724 250.18
570.859 -67.6888
-466.348 697.175
-1718.43 -601.528
-407.148 272.451
-326.677 224.166
522.45 -78.4837
-1166.13 -224.695
-132.691 416.537
-466.787 262.489
-754.486 369.131
-152.001 168.565
135.9 360.083
804.097 423.774
158.556 211.593
-1561.4 -61.3027
-457.112 341.228
-1706.02 -1198.34
144.158 243.767
298.586 -72.275
640.234 -81.7235
804.992 -65.2281
589.799 -210.93
670.56 50.5007
274.85 186.923
-1394.87 -284.891
-360.82 -548.18
470.982 407.674
1018.98 -153.563
1228.4 9.60042
-793.8 -153.887
634.295 -23.4568
455.738 -304.648
380.004 -45.366
442.996 -97.4768
5.41242 1109.5
305.147 1147.31
790.193 5.42813
320.821 751.786
894.546 134.851
-586.149 50.1414
-218.074 -13.7235
445.37 250.402
927.763 451.057
820.178 -5.46887
-394.127 289.675
906.391 24.5886
745.139 93.858
799.93 77.9668
271.522 342.468
309.177 97.2891
-152.238 -67.9182
424.418 273.562
595.041 354.627
122.702 457.82
227.911 89.5389
463.506 59.382
-201.316 994.624
474.334 -544.545
820.792 -2.67794
-1269.93 202.289
878.015 -64.495
852.721 901.533
610.499 -178.612
1029.85 -21.3604
512.871 -31.4199
542.603 240.903
361.979 99.9749
649.552 -3.72986
202.681 -216.312
641.699 -85.7135
748.472 379.865
1032.69 175.353
125.634 178.397
-141.84 473.264
-546.254 226.4
-884.736 -1020.8
-685.851 -834.149
158.752 269.56
262.611 38.8161
-1289.54 -375.58
-510.077 -565.441
195.379 32.5109
472.431 -109.45
154.885 205.702
542.919 55.5514
-354.693 69.9193
-186.754 -166.681
140.022 -165.879
-645.342 -347.391
514.218 308.616
40.2607 -240.15
-77.6525 -324.769
578.126 253.52
374.535 -194.177
-872.818 -725.696
-421.257 -820.82
546.13 94.7003
228.199 175.265
1145.3 187.16
162.639 188.015
-493.558 -158.663
-764.028 -307.868
-26.9435 381.535
-88.1972 324.016
-778.535 130.842
-1319.19 -167.839
982.098 280.732
1035.98 239.375
-200.968 -302.455
1000.84 -905.655
717.525 170.072
775.035 60.1325
816.939 179.806
1000.67 -403.55
-1044.93 7.96851
-1004.18 -113.434
-971.013 286.288
579.133 380.626
593.543 363.309
777.002 240.466
266.381 -604.84
1234.22 -5.29651
737.879 46.504
523.007 276.115
-331.024 -332.878
-650.788 -689.698
1102.32 300.319
369.009 644.176
316.797 147.488
409.446 47.9015
1124.84 334.608
969.866 296.577
677.514 578.643
781.804 -164.244
368.763 682.076
568.084 493.742
843.249 543.667
886.371 633.553
1253.71 -420.646
821.043 522.634
577.075 145.23
-630.633 -1075.7
-432.884 -830.517
168.364 -903.329
1186.25 -380.217
-237.097 522.728
-347.893 -254.849
654.032 271.797
109.147 202.29
228.362 -135.765
275.104 208.793
418.642 23.0741
230.956 134.78
-820.778 -1122.19
-635.075 -973.931
635.549 34.7733
408.363 235.954
155.214 54.6803
155.863 87.9164
1010.66 -48.8921
695.777 73.4339
784.889 238.569
367.103 68.9759
-994.59 -168.396
-190.556 -908.767
-23.8285 99.7252
189.942 -6.34694
-17.3185 -683.898
130.64 -563.373
169.182 -157.82
348.517 -668.417
-1480.04 -1281.47
-378.961 -797.318
-710.636 500.959
-816.899 425.81
527.018 35.6364
877.62 -232.926
417.025 180.992
555.446 271.715
451.704 99.4576
-799.863 -404.253
353.376 -57.7992
435.9 82.0368
-754.578 -584.545
-44.629 -813.025
890.432 342.986
1075.78 -107.466
570.151 -914.727
210.847 -1262.34
553.121 260.443
638.938 63.7699
610.915 231.206
-145.906 171.383
744.469 -21.277
462.728 308.751
739.047 -300.234
-78.709 143.135
-1265.15 -467.871
-726.894 -669.48
450.262 59.3596
-382.549 -480.499
715.986 -455.062
1353.25 -339.64
1261.15 678.357
1056.11 297.432
558.562 55.2661
874.692 -41.3109
-325.524 -223.842
891.15 307.226
724.843 260.336
111.163 37.1033
593.994 287.02
-475.056 -1020.12
367.387 -1128.9
266.157 272.979
-333.24 -132.24
338.669 -24.9992
374.362 2.99342
-311.099 -160.727
70.9254 -300.087
229.416 -822.463
194.091 677.021
-585.369 131.111
-344.794 -98.485
324.738 198.126
486.375 259.803
552.517 52.8456
-1431.13 -372.152
114.615 -112.459
-832.11 -1294.43
-567.229 -1146.77
580.837 105.963
-239.703 -1223.87
66.5954 -1118.69
596.806 236.213
546.988 -125.594
-61.2683 -210.025
644.551 13.1717
-376.177 -588.128
670.979 1.10546
293 68.7206
657.505 200.175
983.385 103.339
243.844 -101.928
923.06 -62.1985
1132.08 108.422
666.876 52.7232
-660.311 -809.867
1155.82 -188.724
213.129 -7.78866
1089.89 -95.9342
259.888 53.409
201.652 3.74673
811.101 -35.922
874.049 -396.433
495.671 -295.736
464.746 551.781
17.2144 297.261
66.802 -46.214
659.984 136.825
830.695 640.179
460.192 -63.5257
-226.361 328.519
769.364 127.443
-429.757 -425.572
758.472 -544.338
258.322 259.845
-24.7876 178.234
712.106 -190.402
-343.64 -452.26
958.923 109.937
956.316 -278.96
420.061 -465.388
-133.779 -381.083
-12.2699 -92.1861
777.256 -147.895
638.997 609.613
423.706 551.264
803.496 41.2664
94.6507 179.246
-527.319 207.814
664.222 259.5
-840.529 -221.235
662.47 264.682
-526.476 -760.138
791.848 -580.639
329.088 -395.398
-191.726 -969.015
238.381 -141.009
-345.306 -117.971
454.709 8.16575
-576.951 -1524.38
614.14 100.803
-600.458 -300.768
349.183 -207.974
697.132 -114.042
134.585 -525.63
-20.4855 -872.087
687.783 30.8105
-85.3263 932.516
119.289 995.702
-22.0614 878.277
107.422 1078.07
-233.352 887.056
-366.73 887.289
217.15 1028.25
-73.728 1024.2
-192.197 1167.9
447.108 892.918
-10.3396 1483.62
432.708 775.907
246.002 1212.83
362.345 975.145
34.7303 901.812
298.806 977.792
-86.1545 818.862
376.445 868.872
-47.8151 1163.14
284.638 1358.07
717.573 970.387
152.284 1274.87
461.48 1354.07
-151.459 734.963
657.08 603.985
515.375 -14.2978
173.82 970.31
17.2847 880.255
-46.991 1004.01
-392.97 986.363
60.9214 1726.92
242.62 620.814
151.138 1031.25
161.98 1217.89
-97.4768 768.859
-119.823 886.027
56.9412 797.967
245.187 1257.86
-170.184 740.534
-28.3516 719.531
30.5319 1467.65
-100.001 1363.66
-88.1424 1245.22
-1104.05 1158.89
-354.57 830.978
-234.182 950.669
-992.885 1294.59
146.584 1191.96
-292.875 1028.19
-121.031 893.81
11.3756 967.705
-216.345 584.048
282.943 903.797
-366.696 536.602
-239.792 825.446
-458.795 942.387
-103.589 1301.25
-749.291 746.602
-568.782 974.749
344.473 1107.12
-13.0519 1167.53
84.45 1063.55
537.46 792.399
-391.258 970.79
86.9455 673.218
106.085 871.892
397.225 1007.77
-948.129 -346.671
35.3341 -788.272
-705.409 -559.354
1111.22 -777.757
68.3121 -593.049
-382.642 -955.617
-175.459 -177.923
283.999 -560.418
330.088 -188.89
245.891 -240.156
-444.791 -68.8112
-342.592 -617.382
-679.406 -715.306
-1135.85 -291.915
351.415 371.123
52.4756 -147.413
-1452.44 35.3637
-1239.53 -876.517
-128.183 -641.501
-245.236 -717.718
925.069 -684.618
-1790.03 -321.954
-1324.67 36.4022
-1237.91 -143.346
-183.408 -613.375
-835.749 -640.267
-476.436 -803.949
-1285.61 -203.91
-472.367 -850.922
-893.115 -373.849
-483.855 -262.588
-1451.96 -157.127
-472.852 -246.168
-1025.8 -730.909
-795.545 -787.596
-1173.65 -240.44
-542.747 -287.772
-446.976 -84.0061
-661.94 -39.8074
-807.574 -623.505
558.888 18.5883
-349.765 -556.101
-1209.17 -951.95
-423.646 -280.628
588.557 -724.939
703.283 -388.314
-247.697 -1486.34
-1313.62 -168.47
791.221 109.412
-245.536 -512.242
1457.49 -256.122
176.743 -46.5588
936.415 -182.547
902.692 -123.851
976.195 -293.29
1476.36 -164.109
-205.155 -116.133
1182.37 -366.091
1025.99 -485.745
-597.65 168.274
357.555 124.825
-665.294 188.54
452.559 13.1189
1522.13 -277.003
1269.95 -376.375
1069.52 -88.052
925.866 -129.664
1358.22 376.431
690.801 -156.172
1165.2 -411.584
1060.29 -143.826
1281.99 -439.94
908.176 -47.6242
1052.51 42.5246
2088.1 -605.102
219.355 228.443
-183.567 148.805
1035.52 -281.478
1121.3 -263.591
971.736 -207.897
919.797 -190.941
1409.58 -355.248
423.128 -363.647
933.759 531.517
922.586 -30.6376
631.926 -221.169
155.242 68.5367
841.714 -465.997
1193.65 -256.218
846.747 -281.208
1034.16 64.28
1145.31 336.082
1532.49 -404.229
1012.12 -414.226
217.538 224.912
1281.14 509.685
1146.98 -97.3406
1636.74 77.0906
638.911 -26.9415
953.012 -135.449
971.06 -264.246
1043.26 -255.336
1300.49 -266.104
1633.88 -202.723
112.344 118.26
395.444 -60.0212
940.777 -463.998
552.771 -3.5805
325.391 -453.847
1765.42 -444.849
791.461 -322.699
927.279 -278.93
950.437 -220.619
635.552 147.448
1411.16 -405.058
925.992 468.148
1332.62 -1036.48
1368.35 -208.826
1077.49 -166.008
280.142 -139.478
659.583 -291.21
731.003 -250.558
1352.92 -354.388
925.565 -139.499
827.451 -329.686
1147.44 -195.788
1101.14 -300.58
1291.6 -164.996
1019.77 -268.887
768.153 35.2787
908.676 475.508
840.719 -137.286
832.917 -738.513
938.913 17.9371
875.906 -176.557
1453.66 -272.953
1368.19 24.173
1270.2 -51.2598
284.64 -213.017
1528.09 -83.9573
1016.14 -235.18
1157.52 -199.751
-980.308 873.876
