6348 170295
7374 169201
8333 168052
9334 166558
10536 164918
11749 163168
13280 161152
14794 159047
16440 156827
17875 154433
19797 152161
21678 149723
23603 147376
25412 145038
27958 142513
30051 140179
32530 137748
34978 135478
38115 133059
40636 130855
43445 128594
46525 126456
49622 124318
52711 122361
55178 120398
58087 118449
61860 116461
65119 114590
68370 112792
71503 110997
74728 109283
77967 107425
81777 105688
85417 103908
89124 102134
92829 100363
96428 98557
101293 96667
106153 94899
110990 93017
