65954 44368
78725 38794
86017 35761
89547 34715
93444 32927
98230 31676
99243 31208
101421 30444
104418 29406
105432 28795
105432 28795
107999 28743
108451 28546
110914 28063
112194 27268
112747 26920
114943 26739
115555 26248
116301 25823
119285 25715
119790 25557
120381 25243
121304 25208
121482 25150
122082 24860
124352 24689
124916 24479
125255 24341
125657 24035
126028 23712
127705 23443
128431 23358
130136 23338
130585 23242
130953 22985
131960 22753
133057 22592
133872 22271
134981 22013
135311 21970
135441 21953
135516 21920
135706 21762
136095 21658
139128 21598
139459 21471
139772 21259
139937 21212
140114 21134
140871 21070
141461 20945
142257 20726
142905 20533
143079 20425
143215 20321
143536 20136
144007 20047
147548 19942
148733 19891
148901 19833
149176 19634
149594 19559
150138 19525
150372 19481
150578 19306
150932 19119
152468 19053
154692 18840
155410 18659
157141 18386
157587 18278
158064 18042
158943 17815
159471 17759
159879 17745
160053 17718
160144 17681
161540 17544
162651 17341
164727 17168
