93540 24569
97010 24455
97792 24149
102230 23745
104065 23130
104780 22834
107606 22582
108668 22192
110899 21842
115600 21733
116217 21573
117072 21319
117993 21235
118282 21131
119547 20870
124477 20712
125280 20523
125752 20364
126422 20066
127250 19800
129449 19636
130131 19561
132154 19525
132834 19393
133590 19178
136351 19017
137617 18869
139437 18643
140563 18435
140856 18415
141090 18379
141259 18315
141836 18147
142389 18057
145175 17989
146144 17893
146657 17730
147038 17683
147529 17598
149905 17521
150767 17388
152429 17261
153160 17156
153405 17042
153957 16942
154791 16781
155924 16735
159028 16665
159673 16604
160424 16514
161124 16341
163177 16259
163917 16227
164479 16146
165463 16083
166292 15936
167329 15883
169125 15717
172350 15573
174973 15361
176111 15268
177114 15088
178527 14944
179230 14882
179456 14821
179760 14811
179995 14767
181793 14630
182827 14492
185826 14341
