4322 137679
4955 137258
5541 136834
6115 136214
6860 135449
7634 134566
8412 133589
9312 132409
10371 131182
11374 129775
12664 128457
13938 127074
15447 125648
16776 124136
18626 122589
20383 121068
22214 119494
24009 118002
26210 116490
28246 115006
30402 113556
32647 112173
34966 110740
37302 109387
39444 108086
41716 106738
44859 105477
47735 104192
50717 102959
53700 101713
56733 100401
59896 99092
63659 97831
67731 96527
71456 95234
75468 93963
79336 92624
84268 91227
89358 89823
94627 88378
