5154 132540
5985 132120
6760 131683
7693 131023
8782 130252
9950 129367
11201 128301
12757 127130
14591 125930
16223 124462
18254 123009
20509 121249
22946 119633
25190 118011
28217 116167
30905 114360
33835 112419
36824 110594
40469 108717
43697 106949
47527 105115
51736 103347
55745 101729
60120 100121
63807 98511
67573 97048
72816 95580
77648 94096
82102 92606
86745 91170
90899 89676
95395 88173
100502 86765
105490 85330
110465 83918
115427 82426
120185 80899
126031 79392
131996 77927
138007 76387
