75412 31647
81217 26771
85214 24161
87381 23128
89905 21504
92932 20531
93774 20011
95525 19235
98182 18267
99296 17825
101092 17793
101509 17501
103778 17152
105309 16490
105972 16188
107882 15945
108661 15520
109617 15261
112592 15195
113108 15032
113813 14817
114645 14747
114961 14683
115749 14402
118406 14243
119110 14073
119578 13951
120168 13666
120655 13329
122528 13152
123242 13104
125168 13076
125624 12969
126211 12723
127629 12542
128761 12385
129909 12158
131185 12007
131614 11988
131846 11973
132075 11908
132433 11731
132799 11641
135952 11585
136458 11491
136905 11274
137165 11216
137501 11154
138508 11103
139261 10989
140337 10879
141054 10725
141354 10644
141741 10547
142255 10441
143219 10374
145770 10318
146712 10293
147128 10226
147640 10075
148378 10012
148819 9968
149135 9893
149787 9756
150265 9650
151382 9591
153116 9444
154650 9329
156306 9095
157068 9019
157991 8835
159010 8672
159571 8624
159801 8593
160040 8578
160195 8533
161182 8400
162252 8241
164331 8116
